25.072598 6.134609
24.143465 18.856140
37.456111 28.106625
-62.587116 109.180893
-32.713659 7.933250
-30.673782 5.891463
-30.682003 5.884219
53.860213 -102.582569
15.594678 -17.479937
40.751280 -53.536698
40.149409 -48.554143
17.653675 -26.388474
13.088936 -19.115020
21.208455 -26.435986
46.923384 -68.235100
87.224749 -155.548511
12.614682 -34.771192
29.914926 -40.945789
37.380393 -52.098575
67.910332 -100.311515
121.824407 -183.162765
85.482656 -126.625438
110.365218 -159.740836
105.693060 -140.165780
16.558115 -14.510607
20.713018 -16.486790
6.126118 -14.565298
15.814325 -13.074936
19.332432 -14.352248
15.882378 -13.316381
19.128425 -14.007039
12.755196 -19.491228
-97.761794 -61.701840
5.488579 -13.041998
16.205105 -14.736137
-47.528906 -43.177810
17.053916 -13.611743